# Made in Blockbench 4.7.2
mtllib enchanting-table-book.mtl

o middle
v 0.0625 0.4558809515945377 0.3018518207153338
v 0.0625 0.4558809515945377 0.3018518207153338
v 0.0625 0.2941190484054623 -0.30185182071533384
v 0.0625 0.2941190484054623 -0.30185182071533384
v -0.0625 0.4558809515945377 0.3018518207153338
v -0.0625 0.4558809515945377 0.3018518207153338
v -0.0625 0.2941190484054623 -0.30185182071533384
v -0.0625 0.2941190484054623 -0.30185182071533384
vt 0.1875 1
vt 0.21875 1
vt 0.21875 0.6875
vt 0.1875 0.6875
vt 0.1875 1
vt 0.1875 1
vt 0.1875 0.6875
vt 0.1875 0.6875
vt 0.21875 1
vt 0.25 1
vt 0.25 0.6875
vt 0.21875 0.6875
vt 0.21875 1
vt 0.21875 1
vt 0.21875 0.6875
vt 0.21875 0.6875
vt 0.21875 1
vt 0.1875 1
vt 0.1875 1
vt 0.21875 1
vt 0.25 1
vt 0.21875 1
vt 0.21875 1
vt 0.25 1
vn 0 0.9659258262890683 -0.25881904510252074
vn 1 0 0
vn 0 -0.9659258262890683 0.25881904510252074
vn -1 0 0
vn 0 0.25881904510252074 0.9659258262890683
vn 0 -0.25881904510252074 -0.9659258262890683
usemtl m_3940fce5-4526-59c2-d6a6-11bd7199daf9
f 4/4/1 7/3/1 5/2/1 2/1/1
f 3/8/2 4/7/2 2/6/2 1/5/2
f 8/12/3 3/11/3 1/10/3 6/9/3
f 7/16/4 8/15/4 6/14/4 5/13/4
f 6/20/5 1/19/5 2/18/5 5/17/5
f 7/24/6 4/23/6 3/22/6 8/21/6
o page-solo
v 0.2209708691207961 0.7135165947600155 0.16811379691204098
v 0.2209708691207961 0.7135165947600155 0.16811379691204098
v 0.2209708691207961 0.5841070722087551 -0.3148491162324932
v 0.2209708691207961 0.5841070722087551 -0.3148491162324932
v 0 0.500075125418697 0.22530526625335956
v 0 0.500075125418697 0.22530526625335956
v 0 0.37066560286743666 -0.25765764689117465
v 0 0.37066560286743666 -0.25765764689117465
vt 0.375 0.6875
vt 0.453125 0.6875
vt 0.453125 0.4375
vt 0.375 0.4375
vt 0.375 0.6875
vt 0.375 0.6875
vt 0.375 0.4375
vt 0.375 0.4375
vt 0.453125 0.6875
vt 0.53125 0.6875
vt 0.53125 0.4375
vt 0.453125 0.4375
vt 0.453125 0.6875
vt 0.453125 0.6875
vt 0.453125 0.4375
vt 0.453125 0.4375
vt 0.453125 0.6875
vt 0.375 0.6875
vt 0.375 0.6875
vt 0.453125 0.6875
vt 0.53125 0.6875
vt 0.453125 0.6875
vt 0.453125 0.6875
vt 0.53125 0.6875
vn -0.7071067811865476 0.6830127018922193 -0.1830127018922193
vn 0.7071067811865475 0.6830127018922194 -0.18301270189221933
vn 0.7071067811865476 -0.6830127018922193 0.1830127018922193
vn -0.7071067811865475 -0.6830127018922194 0.18301270189221933
vn 0 0.25881904510252074 0.9659258262890683
vn 0 -0.25881904510252074 -0.9659258262890683
usemtl m_3940fce5-4526-59c2-d6a6-11bd7199daf9
f 12/28/7 15/27/7 13/26/7 10/25/7
f 11/32/8 12/31/8 10/30/8 9/29/8
f 16/36/9 11/35/9 9/34/9 14/33/9
f 15/40/10 16/39/10 14/38/10 13/37/10
f 14/44/11 9/43/11 10/42/11 13/41/11
f 15/48/12 12/47/12 11/46/12 16/45/12
o cover
v -0.0625 0.4558809515945377 0.3018518207153338
v -0.0625 0.4558809515945377 0.3018518207153338
v -0.0625 0.2941190484054623 -0.30185182071533384
v -0.0625 0.2941190484054623 -0.30185182071533384
v -0.3872595264191645 0.636992044023738 0.2533232497586112
v -0.3872595264191645 0.636992044023738 0.2533232497586112
v -0.3872595264191645 0.47523014083466253 -0.3503803916720565
v -0.3872595264191645 0.47523014083466253 -0.3503803916720565
vt 0.25 1
vt 0.34375 1
vt 0.34375 0.6875
vt 0.25 0.6875
vt 0 1
vt 0 1
vt 0 0.6875
vt 0 0.6875
vt 0.34375 1
vt 0.4375 1
vt 0.4375 0.6875
vt 0.34375 0.6875
vt 0.09375 1
vt 0.09375 1
vt 0.09375 0.6875
vt 0.09375 0.6875
vt 0.09375 1
vt 0 1
vt 0 1
vt 0.09375 1
vt 0.1875 1
vt 0.09375 1
vt 0.09375 1
vt 0.1875 1
vn 0.5 0.8365163037378079 -0.2241438680420134
vn 0.8660254037844387 -0.4829629131445341 0.12940952255126034
vn -0.5 -0.8365163037378079 0.2241438680420134
vn -0.8660254037844387 0.4829629131445341 -0.12940952255126034
vn 2.7755575615628914e-17 0.25881904510252074 0.9659258262890683
vn -2.7755575615628914e-17 -0.25881904510252074 -0.9659258262890683
usemtl m_3940fce5-4526-59c2-d6a6-11bd7199daf9
f 20/52/13 23/51/13 21/50/13 18/49/13
f 19/56/14 20/55/14 18/54/14 17/53/14
f 24/60/15 19/59/15 17/58/15 22/57/15
f 23/64/16 24/63/16 22/62/16 21/61/16
f 22/68/17 17/67/17 18/66/17 21/65/17
f 23/72/18 20/71/18 19/70/18 24/69/18
o page
v -0.027063293868263727 0.45479735231139684 0.23743740899254018
v 0.0041867061317363286 0.5070796212950097 0.22342841723991436
v -0.027063293868263727 0.32538782976013647 -0.24552550415199392
v 0.0041867061317363286 0.37767009874374957 -0.2595344959046198
v -0.26644623255090083 0.6580055316526767 0.18298794144264552
v -0.29769623255090083 0.6057232626690638 0.19699693319527134
v -0.26644623255090083 0.5285960091014164 -0.29997497170188864
v -0.29769623255090083 0.4763137401178035 -0.2859659799492628
vt 0.203125 0.65625
vt 0.28125 0.65625
vt 0.28125 0.40625
vt 0.203125 0.40625
vt 0.1875 0.65625
vt 0.203125 0.65625
vt 0.203125 0.40625
vt 0.1875 0.40625
vt 0.296875 0.65625
vt 0.375 0.65625
vt 0.375 0.40625
vt 0.296875 0.40625
vt 0.28125 0.65625
vt 0.296875 0.65625
vt 0.296875 0.40625
vt 0.28125 0.40625
vt 0.28125 0.65625
vt 0.203125 0.65625
vt 0.203125 0.6875
vt 0.28125 0.6875
vt 0.359375 0.6875
vt 0.28125 0.6875
vt 0.28125 0.65625
vt 0.359375 0.65625
vn 0.5 0.8365163037378079 -0.2241438680420134
vn 0.8660254037844387 -0.4829629131445341 0.12940952255126034
vn -0.5 -0.8365163037378079 0.2241438680420134
vn -0.8660254037844387 0.4829629131445341 -0.12940952255126034
vn 2.7755575615628914e-17 0.25881904510252074 0.9659258262890683
vn -2.7755575615628914e-17 -0.25881904510252074 -0.9659258262890683
usemtl m_3940fce5-4526-59c2-d6a6-11bd7199daf9
f 28/76/19 31/75/19 29/74/19 26/73/19
f 27/80/20 28/79/20 26/78/20 25/77/20
f 32/84/21 27/83/21 25/82/21 30/81/21
f 31/88/22 32/87/22 30/86/22 29/85/22
f 30/92/23 25/91/23 26/90/23 29/89/23
f 31/96/24 28/95/24 27/94/24 32/93/24
o cover
v 0.38731104293721974 0.6370207736285813 0.2533155516841945
v 0.38731104293721974 0.6370207736285813 0.2533155516841945
v 0.38731104293721974 0.4752588704395059 -0.3503880897464731
v 0.38731104293721974 0.4752588704395059 -0.3503880897464731
v 0.06255151651805524 0.45590968119938113 0.3018441226409172
v 0.06255151651805524 0.45590968119938113 0.3018441226409172
v 0.06255151651805524 0.29414777801030567 -0.3018595187897505
v 0.06255151651805524 0.29414777801030567 -0.3018595187897505
vt 0 1
vt 0.09375 1
vt 0.09375 0.6875
vt 0 0.6875
vt 0 1
vt 0 1
vt 0 0.6875
vt 0 0.6875
vt 0.09375 1
vt 0.1875 1
vt 0.1875 0.6875
vt 0.09375 0.6875
vt 0.09375 1
vt 0.09375 1
vt 0.09375 0.6875
vt 0.09375 0.6875
vt 0.09375 1
vt 0 1
vt 0 1
vt 0.09375 1
vt 0.1875 1
vt 0.09375 1
vt 0.09375 1
vt 0.1875 1
vn -0.5 0.8365163037378079 -0.2241438680420134
vn 0.8660254037844387 0.4829629131445341 -0.12940952255126034
vn 0.5 -0.8365163037378079 0.2241438680420134
vn -0.8660254037844387 -0.4829629131445341 0.12940952255126034
vn -2.7755575615628914e-17 0.25881904510252074 0.9659258262890683
vn 2.7755575615628914e-17 -0.25881904510252074 -0.9659258262890683
usemtl m_3940fce5-4526-59c2-d6a6-11bd7199daf9
f 36/100/25 39/99/25 37/98/25 34/97/25
f 35/104/26 36/103/26 34/102/26 33/101/26
f 40/108/27 35/107/27 33/106/27 38/105/27
f 39/112/28 40/111/28 38/110/28 37/109/28
f 38/116/29 33/115/29 34/114/29 37/113/29
f 39/120/30 36/119/30 35/118/30 40/117/30
o page
v 0.29769623255090083 0.6057232626690638 0.19699693319527134
v 0.26644623255090083 0.6580055316526767 0.18298794144264552
v 0.29769623255090083 0.4763137401178035 -0.2859659799492628
v 0.26644623255090083 0.5285960091014164 -0.29997497170188864
v -0.004186706131736273 0.5070796212950097 0.22342841723991436
v 0.02706329386826367 0.45479735231139684 0.23743740899254018
v -0.004186706131736273 0.37767009874374957 -0.2595344959046198
v 0.02706329386826367 0.32538782976013647 -0.24552550415199392
vt 0.015625 0.65625
vt 0.09375 0.65625
vt 0.09375 0.40625
vt 0.015625 0.40625
vt 0 0.65625
vt 0.015625 0.65625
vt 0.015625 0.40625
vt 0 0.40625
vt 0.109375 0.65625
vt 0.1875 0.65625
vt 0.1875 0.40625
vt 0.109375 0.40625
vt 0.09375 0.65625
vt 0.109375 0.65625
vt 0.109375 0.40625
vt 0.09375 0.40625
vt 0.09375 0.65625
vt 0.015625 0.65625
vt 0.015625 0.6875
vt 0.09375 0.6875
vt 0.171875 0.6875
vt 0.09375 0.6875
vt 0.09375 0.65625
vt 0.171875 0.65625
vn -0.5 0.8365163037378079 -0.2241438680420134
vn 0.8660254037844387 0.4829629131445341 -0.12940952255126034
vn 0.5 -0.8365163037378079 0.2241438680420134
vn -0.8660254037844387 -0.4829629131445341 0.12940952255126034
vn -2.7755575615628914e-17 0.25881904510252074 0.9659258262890683
vn 2.7755575615628914e-17 -0.25881904510252074 -0.9659258262890683
usemtl m_3940fce5-4526-59c2-d6a6-11bd7199daf9
f 44/124/31 47/123/31 45/122/31 42/121/31
f 43/128/32 44/127/32 42/126/32 41/125/32
f 48/132/33 43/131/33 41/130/33 46/129/33
f 47/136/34 48/135/34 46/134/34 45/133/34
f 46/140/35 41/139/35 42/138/35 45/137/35
f 47/144/36 44/143/36 43/142/36 48/141/36